-1
-2
-5
-6
-17
-18
-21
-22
-65
-66
-69
-70
-81
-82
-85
-86
-257
-258
-261
-262
-273
-274
-277
-278
-321
-322
-325
-326
-337
-338
-341
-342
-785
-786
-789
-790
-801
-802
-805
-806
-849
-850
-853
-854
-865
-866
-869
-870
-1041
-1042
-1045
-1046
-1057
-1058
-1061
-1062
-1105
-1106
-1109
-1110
-1121
-1122
-1125
-1126
3
4
7
8
19
20
23
24
67
68
71
72
83
84
87
88
259
260
263
264
275
276
279
280
323
324
327
328
339
340
343
344
787
788
791
792
803
804
807
808
851
852
855
856
867
868
871
872
1043
1044
1047
1048
1059
1060
1063
1064
1107
1108
1111
1112
1123
1124
1127
1128
9
10
13
14
25
26
29
30
73
74
77
78
89
90
93
94
265
266
269
270
281
282
285
286
329
330
333
334
345
346
349
350
793
794
797
798
809
810
813
814
857
858
861
862
873
874
877
878
1049
1050
1053
1054
1065
1066
1069
1070
1113
1114
1117
1118
1129
1130
1133
1134
11
12
15
16
27
28
31
32
75
76
79
80
91
92
95
96
267
268
271
272
283
284
287
288
331
332
335
336
347
348
351
352
795
796
799
800
811
812
815
816
859
860
863
864
875
876
879
880
1051
1052
1055
1056
1067
1068
1071
1072
1115
1116
1119
1120
1131
1132
1135
1136
33
34
37
38
49
50
53
54
97
98
101
102
113
114
117
118
289
290
293
294
305
306
309
310
353
354
357
358
369
370
373
374
817
818
821
822
833
834
837
838
881
882
885
886
897
898
901
902
1073
1074
1077
1078
1089
1090
1093
1094
1137
1138
1141
1142
1153
1154
1157
1158
35
36
39
40
51
52
55
56
99
100
103
104
115
116
119
120
291
292
295
296
307
308
311
312
355
356
359
360
371
372
375
376
819
820
823
824
835
836
839
840
883
884
887
888
899
900
903
904
1075
1076
1079
1080
1091
1092
1095
1096
1139
1140
1143
1144
1155
1156
1159
1160
41
42
45
46
57
58
61
62
105
106
109
110
121
122
125
126
297
298
301
302
313
314
317
318
361
362
365
366
377
378
381
382
825
826
829
830
841
842
845
846
889
890
893
894
905
906
909
910
1081
1082
1085
1086
1097
1098
1101
1102
1145
1146
1149
1150
1161
1162
1165
1166
43
44
47
48
59
60
63
64
107
108
111
112
123
124
127
128
299
300
303
304
315
316
319
320
363
364
367
368
379
380
383
384
827
828
831
832
843
844
847
848
891
892
895
896
907
908
911
912
1083
1084
1087
1088
1099
1100
1103
1104
1147
1148
1151
1152
1163
1164
1167
1168
129
130
133
134
145
146
149
150
193
194
197
198
209
210
213
214
385
386
389
390
401
402
405
406
449
450
453
454
465
466
469
470
913
914
917
918
929
930
933
934
977
978
981
982
993
994
997
998
1169
1170
1173
1174
1185
1186
1189
1190
1233
1234
1237
1238
1249
1250
1253
1254
131
132
135
136
147
148
151
152
195
196
199
200
211
212
215
216
387
388
391
392
403
404
407
408
451
452
455
456
467
468
471
472
915
916
919
920
931
932
935
936
979
980
983
984
995
996
999
1000
1171
1172
1175
1176
1187
1188
1191
1192
1235
1236
1239
1240
1251
1252
1255
1256
137
138
141
142
153
154
157
158
201
202
205
206
217
218
221
222
393
394
397
398
409
410
413
414
457
458
461
462
473
474
477
478
921
922
925
926
937
938
941
942
985
986
989
990
1001
1002
1005
1006
1177
1178
1181
1182
1193
1194
1197
1198
1241
1242
1245
1246
1257
1258
1261
1262
139
140
143
144
155
156
159
160
203
204
207
208
219
220
223
224
395
396
399
400
411
412
415
416
459
460
463
464
475
476
479
480
923
924
927
928
939
940
943
944
987
988
991
992
1003
1004
1007
1008
1179
1180
1183
1184
1195
1196
1199
1200
1243
1244
1247
1248
1259
1260
1263
1264
161
162
165
166
177
178
181
182
225
226
229
230
241
242
245
246
417
418
421
422
433
434
437
438
481
482
485
486
497
498
501
502
945
946
949
950
961
962
965
966
1009
1010
1013
1014
1025
1026
1029
1030
1201
1202
1205
1206
1217
1218
1221
1222
1265
1266
1269
1270
1281
1282
1285
1286
163
164
167
168
179
180
183
184
227
228
231
232
243
244
247
248
419
420
423
424
435
436
439
440
483
484
487
488
499
500
503
504
947
948
951
952
963
964
967
968
1011
1012
1015
1016
1027
1028
1031
1032
1203
1204
1207
1208
1219
1220
1223
1224
1267
1268
1271
1272
1283
1284
1287
1288
169
170
173
174
185
186
189
190
233
234
237
238
249
250
253
254
425
426
429
430
441
442
445
446
489
490
493
494
505
506
509
510
953
954
957
958
969
970
973
974
1017
1018
1021
1022
1033
1034
1037
1038
1209
1210
1213
1214
1225
1226
1229
1230
1273
1274
1277
1278
1289
1290
1293
1294
171
172
175
176
187
188
191
192
235
236
239
240
251
252
255
256
427
428
431
432
443
444
447
448
491
492
495
496
507
508
511
512
955
956
959
960
971
972
975
976
1019
1020
1023
1024
1035
1036
1039
1040
1211
1212
1215
1216
1227
1228
1231
1232
1275
1276
1279
1280
1291
1292
1295
1296
513
514
517
518
529
530
533
534
565
566
569
570
581
582
585
586
649
650
653
654
665
666
669
670
701
702
705
706
717
718
721
722
1297
1298
1301
1302
1313
1314
1317
1318
1349
1350
1353
1354
1365
1366
1369
1370
1433
1434
1437
1438
1449
1450
1453
1454
1485
1486
1489
1490
1501
1502
1505
1506
515
516
519
520
531
532
535
536
567
568
571
572
583
584
587
588
651
652
655
656
667
668
671
672
703
704
707
708
719
720
723
724
1299
1300
1303
1304
1315
1316
1319
1320
1351
1352
1355
1356
1367
1368
1371
1372
1435
1436
1439
1440
1451
1452
1455
1456
1487
1488
1491
1492
1503
1504
1507
1508
521
522
525
526
537
538
541
542
573
574
577
578
589
590
593
594
657
658
661
662
673
674
677
678
709
710
713
714
725
726
729
730
1305
1306
1309
1310
1321
1322
1325
1326
1357
1358
1361
1362
1373
1374
1377
1378
1441
1442
1445
1446
1457
1458
1461
1462
1493
1494
1497
1498
1509
1510
1513
1514
523
524
527
528
539
540
543
544
575
576
579
580
591
592
595
596
659
660
663
664
675
676
679
680
711
712
715
716
727
728
731
732
1307
1308
1311
1312
1323
1324
1327
1328
1359
1360
1363
1364
1375
1376
1379
1380
1443
1444
1447
1448
1459
1460
1463
1464
1495
1496
1499
1500
1511
1512
1515
1516
545
546
549
550
555
556
559
560
597
598
601
602
607
608
611
612
681
682
685
686
691
692
695
696
733
734
737
738
743
744
747
748
1329
1330
1333
1334
1339
1340
1343
1344
1381
1382
1385
1386
1391
1392
1395
1396
1465
1466
1469
1470
1475
1476
1479
1480
1517
1518
1521
1522
1527
1528
1531
1532
547
548
551
552
557
558
561
562
599
600
603
604
609
610
613
614
683
684
687
688
693
694
697
698
735
736
739
740
745
746
749
750
1331
1332
1335
1336
1341
1342
1345
1346
1383
1384
1387
1388
1393
1394
1397
1398
1467
1468
1471
1472
1477
1478
1481
1482
1519
1520
1523
1524
1529
1530
1533
1534
553
553
554
554
563
563
564
564
605
605
606
606
615
615
616
616
689
689
690
690
699
699
700
700
741
741
742
742
751
751
752
752
1337
1337
1338
1338
1347
1347
1348
1348
1389
1389
1390
1390
1399
1399
1400
1400
1473
1473
1474
1474
1483
1483
1484
1484
1525
1525
1526
1526
1535
1535
1536
1536
553
553
554
554
563
563
564
564
605
605
606
606
615
615
616
616
689
689
690
690
699
699
700
700
741
741
742
742
751
751
752
752
1337
1337
1338
1338
1347
1347
1348
1348
1389
1389
1390
1390
1399
1399
1400
1400
1473
1473
1474
1474
1483
1483
1484
1484
1525
1525
1526
1526
1535
1535
1536
1536
617
617
618
618
621
621
622
622
633
633
634
634
637
637
638
638
753
753
754
754
757
757
758
758
769
769
770
770
773
773
774
774
1401
1401
1402
1402
1405
1405
1406
1406
1417
1417
1418
1418
1421
1421
1422
1422
1537
1537
1538
1538
1541
1541
1542
1542
1553
1553
1554
1554
1557
1557
1558
1558
617
617
618
618
621
621
622
622
633
633
634
634
637
637
638
638
753
753
754
754
757
757
758
758
769
769
770
770
773
773
774
774
1401
1401
1402
1402
1405
1405
1406
1406
1417
1417
1418
1418
1421
1421
1422
1422
1537
1537
1538
1538
1541
1541
1542
1542
1553
1553
1554
1554
1557
1557
1558
1558
619
619
620
620
623
623
624
624
635
635
636
636
639
639
640
640
755
755
756
756
759
759
760
760
771
771
772
772
775
775
776
776
1403
1403
1404
1404
1407
1407
1408
1408
1419
1419
1420
1420
1423
1423
1424
1424
1539
1539
1540
1540
1543
1543
1544
1544
1555
1555
1556
1556
1559
1559
1560
1560
619
619
620
620
623
623
624
624
635
635
636
636
639
639
640
640
755
755
756
756
759
759
760
760
771
771
772
772
775
775
776
776
1403
1403
1404
1404
1407
1407
1408
1408
1419
1419
1420
1420
1423
1423
1424
1424
1539
1539
1540
1540
1543
1543
1544
1544
1555
1555
1556
1556
1559
1559
1560
1560
625
625
626
626
629
629
630
630
641
641
642
642
645
645
646
646
761
761
762
762
765
765
766
766
777
777
778
778
781
781
782
782
1409
1409
1410
1410
1413
1413
1414
1414
1425
1425
1426
1426
1429
1429
1430
1430
1545
1545
1546
1546
1549
1549
1550
1550
1561
1561
1562
1562
1565
1565
1566
1566
625
625
626
626
629
629
630
630
641
641
642
642
645
645
646
646
761
761
762
762
765
765
766
766
777
777
778
778
781
781
782
782
1409
1409
1410
1410
1413
1413
1414
1414
1425
1425
1426
1426
1429
1429
1430
1430
1545
1545
1546
1546
1549
1549
1550
1550
1561
1561
1562
1562
1565
1565
1566
1566
627
627
628
628
631
631
632
632
643
643
644
644
647
647
648
648
763
763
764
764
767
767
768
768
779
779
780
780
783
783
784
784
1411
1411
1412
1412
1415
1415
1416
1416
1427
1427
1428
1428
1431
1431
1432
1432
1547
1547
1548
1548
1551
1551
1552
1552
1563
1563
1564
1564
1567
1567
1568
1568
627
627
628
628
631
631
632
632
643
643
644
644
647
647
648
648
763
763
764
764
767
767
768
768
779
779
780
780
783
783
784
784
1411
1411
1412
1412
1415
1415
1416
1416
1427
1427
1428
1428
1431
1431
1432
1432
1547
1547
1548
1548
1551
1551
1552
1552
1563
1563
1564
1564
1567
1567
1568
1568
1569
1569
1570
1570
1573
1573
1574
1574
1585
1585
1586
1586
1589
1589
1590
1590
1705
1705
1706
1706
1709
1709
1710
1710
1721
1721
1722
1722
1725
1725
1726
1726
2353
2353
2354
2354
2357
2357
2358
2358
2369
2369
2370
2370
2373
2373
2374
2374
2489
2489
2490
2490
2493
2493
2494
2494
2505
2505
2506
2506
2509
2509
2510
2510
1569
1569
1570
1570
1573
1573
1574
1574
1585
1585
1586
1586
1589
1589
1590
1590
1705
1705
1706
1706
1709
1709
1710
1710
1721
1721
1722
1722
1725
1725
1726
1726
2353
2353
2354
2354
2357
2357
2358
2358
2369
2369
2370
2370
2373
2373
2374
2374
2489
2489
2490
2490
2493
2493
2494
2494
2505
2505
2506
2506
2509
2509
2510
2510
1571
1571
1572
1572
1575
1575
1576
1576
1587
1587
1588
1588
1591
1591
1592
1592
1707
1707
1708
1708
1711
1711
1712
1712
1723
1723
1724
1724
1727
1727
1728
1728
2355
2355
2356
2356
2359
2359
2360
2360
2371
2371
2372
2372
2375
2375
2376
2376
2491
2491
2492
2492
2495
2495
2496
2496
2507
2507
2508
2508
2511
2511
2512
2512
1571
1571
1572
1572
1575
1575
1576
1576
1587
1587
1588
1588
1591
1591
1592
1592
1707
1707
1708
1708
1711
1711
1712
1712
1723
1723
1724
1724
1727
1727
1728
1728
2355
2355
2356
2356
2359
2359
2360
2360
2371
2371
2372
2372
2375
2375
2376
2376
2491
2491
2492
2492
2495
2495
2496
2496
2507
2507
2508
2508
2511
2511
2512
2512
1577
1577
1578
1578
1581
1581
1582
1582
1593
1593
1594
1594
1597
1597
1598
1598
1713
1713
1714
1714
1717
1717
1718
1718
1729
1729
1730
1730
1733
1733
1734
1734
2361
2361
2362
2362
2365
2365
2366
2366
2377
2377
2378
2378
2381
2381
2382
2382
2497
2497
2498
2498
2501
2501
2502
2502
2513
2513
2514
2514
2517
2517
2518
2518
1577
1577
1578
1578
1581
1581
1582
1582
1593
1593
1594
1594
1597
1597
1598
1598
1713
1713
1714
1714
1717
1717
1718
1718
1729
1729
1730
1730
1733
1733
1734
1734
2361
2361
2362
2362
2365
2365
2366
2366
2377
2377
2378
2378
2381
2381
2382
2382
2497
2497
2498
2498
2501
2501
2502
2502
2513
2513
2514
2514
2517
2517
2518
2518
1579
1579
1580
1580
1583
1583
1584
1584
1595
1595
1596
1596
1599
1599
1600
1600
1715
1715
1716
1716
1719
1719
1720
1720
1731
1731
1732
1732
1735
1735
1736
1736
2363
2363
2364
2364
2367
2367
2368
2368
2379
2379
2380
2380
2383
2383
2384
2384
2499
2499
2500
2500
2503
2503
2504
2504
2515
2515
2516
2516
2519
2519
2520
2520
1579
1579
1580
1580
1583
1583
1584
1584
1595
1595
1596
1596
1599
1599
1600
1600
1715
1715
1716
1716
1719
1719
1720
1720
1731
1731
1732
1732
1735
1735
1736
1736
2363
2363
2364
2364
2367
2367
2368
2368
2379
2379
2380
2380
2383
2383
2384
2384
2499
2499
2500
2500
2503
2503
2504
2504
2515
2515
2516
2516
2519
2519
2520
2520
1601
1601
1602
1602
1611
1611
1612
1612
1653
1653
1654
1654
1663
1663
1664
1664
1737
1737
1738
1738
1747
1747
1748
1748
1789
1789
1790
1790
1799
1799
1800
1800
2385
2385
2386
2386
2395
2395
2396
2396
2437
2437
2438
2438
2447
2447
2448
2448
2521
2521
2522
2522
2531
2531
2532
2532
2573
2573
2574
2574
2583
2583
2584
2584
1601
1601
1602
1602
1611
1611
1612
1612
1653
1653
1654
1654
1663
1663
1664
1664
1737
1737
1738
1738
1747
1747
1748
1748
1789
1789
1790
1790
1799
1799
1800
1800
2385
2385
2386
2386
2395
2395
2396
2396
2437
2437
2438
2438
2447
2447
2448
2448
2521
2521
2522
2522
2531
2531
2532
2532
2573
2573
2574
2574
2583
2583
2584
2584
1603
1604
1607
1608
1613
1614
1617
1618
1655
1656
1659
1660
1665
1666
1669
1670
1739
1740
1743
1744
1749
1750
1753
1754
1791
1792
1795
1796
1801
1802
1805
1806
2387
2388
2391
2392
2397
2398
2401
2402
2439
2440
2443
2444
2449
2450
2453
2454
2523
2524
2527
2528
2533
2534
2537
2538
2575
2576
2579
2580
2585
2586
2589
2590
1605
1606
1609
1610
1615
1616
1619
1620
1657
1658
1661
1662
1667
1668
1671
1672
1741
1742
1745
1746
1751
1752
1755
1756
1793
1794
1797
1798
1803
1804
1807
1808
2389
2390
2393
2394
2399
2400
2403
2404
2441
2442
2445
2446
2451
2452
2455
2456
2525
2526
2529
2530
2535
2536
2539
2540
2577
2578
2581
2582
2587
2588
2591
2592
1621
1622
1625
1626
1637
1638
1641
1642
1673
1674
1677
1678
1689
1690
1693
1694
1757
1758
1761
1762
1773
1774
1777
1778
1809
1810
1813
1814
1825
1826
1829
1830
2405
2406
2409
2410
2421
2422
2425
2426
2457
2458
2461
2462
2473
2474
2477
2478
2541
2542
2545
2546
2557
2558
2561
2562
2593
2594
2597
2598
2609
2610
2613
2614
1623
1624
1627
1628
1639
1640
1643
1644
1675
1676
1679
1680
1691
1692
1695
1696
1759
1760
1763
1764
1775
1776
1779
1780
1811
1812
1815
1816
1827
1828
1831
1832
2407
2408
2411
2412
2423
2424
2427
2428
2459
2460
2463
2464
2475
2476
2479
2480
2543
2544
2547
2548
2559
2560
2563
2564
2595
2596
2599
2600
2611
2612
2615
2616
1629
1630
1633
1634
1645
1646
1649
1650
1681
1682
1685
1686
1697
1698
1701
1702
1765
1766
1769
1770
1781
1782
1785
1786
1817
1818
1821
1822
1833
1834
1837
1838
2413
2414
2417
2418
2429
2430
2433
2434
2465
2466
2469
2470
2481
2482
2485
2486
2549
2550
2553
2554
2565
2566
2569
2570
2601
2602
2605
2606
2617
2618
2621
2622
1631
1632
1635
1636
1647
1648
1651
1652
1683
1684
1687
1688
1699
1700
1703
1704
1767
1768
1771
1772
1783
1784
1787
1788
1819
1820
1823
1824
1835
1836
1839
1840
2415
2416
2419
2420
2431
2432
2435
2436
2467
2468
2471
2472
2483
2484
2487
2488
2551
2552
2555
2556
2567
2568
2571
2572
2603
2604
2607
2608
2619
2620
2623
2624
1841
1842
1845
1846
1857
1858
1861
1862
1905
1906
1909
1910
1921
1922
1925
1926
2097
2098
2101
2102
2113
2114
2117
2118
2161
2162
2165
2166
2177
2178
2181
2182
2625
2626
2629
2630
2641
2642
2645
2646
2689
2690
2693
2694
2705
2706
2709
2710
2881
2882
2885
2886
2897
2898
2901
2902
2945
2946
2949
2950
2961
2962
2965
2966
1843
1844
1847
1848
1859
1860
1863
1864
1907
1908
1911
1912
1923
1924
1927
1928
2099
2100
2103
2104
2115
2116
2119
2120
2163
2164
2167
2168
2179
2180
2183
2184
2627
2628
2631
2632
2643
2644
2647
2648
2691
2692
2695
2696
2707
2708
2711
2712
2883
2884
2887
2888
2899
2900
2903
2904
2947
2948
2951
2952
2963
2964
2967
2968
1849
1850
1853
1854
1865
1866
1869
1870
1913
1914
1917
1918
1929
1930
1933
1934
2105
2106
2109
2110
2121
2122
2125
2126
2169
2170
2173
2174
2185
2186
2189
2190
2633
2634
2637
2638
2649
2650
2653
2654
2697
2698
2701
2702
2713
2714
2717
2718
2889
2890
2893
2894
2905
2906
2909
2910
2953
2954
2957
2958
2969
2970
2973
2974
1851
1852
1855
1856
1867
1868
1871
1872
1915
1916
1919
1920
1931
1932
1935
1936
2107
2108
2111
2112
2123
2124
2127
2128
2171
2172
2175
2176
2187
2188
2191
2192
2635
2636
2639
2640
2651
2652
2655
2656
2699
2700
2703
2704
2715
2716
2719
2720
2891
2892
2895
2896
2907
2908
2911
2912
2955
2956
2959
2960
2971
2972
2975
2976
1873
1874
1877
1878
1889
1890
1893
1894
1937
1938
1941
1942
1953
1954
1957
1958
2129
2130
2133
2134
2145
2146
2149
2150
2193
2194
2197
2198
2209
2210
2213
2214
2657
2658
2661
2662
2673
2674
2677
2678
2721
2722
2725
2726
2737
2738
2741
2742
2913
2914
2917
2918
2929
2930
2933
2934
2977
2978
2981
2982
2993
2994
2997
2998
1875
1876
1879
1880
1891
1892
1895
1896
1939
1940
1943
1944
1955
1956
1959
1960
2131
2132
2135
2136
2147
2148
2151
2152
2195
2196
2199
2200
2211
2212
2215
2216
2659
2660
2663
2664
2675
2676
2679
2680
2723
2724
2727
2728
2739
2740
2743
2744
2915
2916
2919
2920
2931
2932
2935
2936
2979
2980
2983
2984
2995
2996
2999
3000
1881
1882
1885
1886
1897
1898
1901
1902
1945
1946
1949
1950
1961
1962
1965
1966
2137
2138
2141
2142
2153
2154
2157
2158
2201
2202
2205
2206
2217
2218
2221
2222
2665
2666
2669
2670
2681
2682
2685
2686
2729
2730
2733
2734
2745
2746
2749
2750
2921
2922
2925
2926
2937
2938
2941
2942
2985
2986
2989
2990
3001
3002
3005
3006
1883
1884
1887
1888
1899
1900
1903
1904
1947
1948
1951
1952
1963
1964
1967
1968
2139
2140
2143
2144
2155
2156
2159
2160
2203
2204
2207
2208
2219
2220
2223
2224
2667
2668
2671
2672
2683
2684
2687
2688
2731
2732
2735
2736
2747
2748
2751
2752
2923
2924
2927
2928
2939
2940
2943
2944
2987
2988
2991
2992
3003
3004
3007
3008
1969
1970
1973
1974
1985
1986
1989
1990
2033
2034
2037
2038
2049
2050
2053
2054
2225
2226
2229
2230
2241
2242
2245
2246
2289
2290
2293
2294
2305
2306
2309
2310
2753
2754
2757
2758
2769
2770
2773
2774
2817
2818
2821
2822
2833
2834
2837
2838
3009
3010
3013
3014
3025
3026
3029
3030
3073
3074
3077
3078
3089
3090
3093
3094
1971
1972
1975
1976
1987
1988
1991
1992
2035
2036
2039
2040
2051
2052
2055
2056
2227
2228
2231
2232
2243
2244
2247
2248
2291
2292
2295
2296
2307
2308
2311
2312
2755
2756
2759
2760
2771
2772
2775
2776
2819
2820
2823
2824
2835
2836
2839
2840
3011
3012
3015
3016
3027
3028
3031
3032
3075
3076
3079
3080
3091
3092
3095
3096
1977
1978
1981
1982
1993
1994
1997
1998
2041
2042
2045
2046
2057
2058
2061
2062
2233
2234
2237
2238
2249
2250
2253
2254
2297
2298
2301
2302
2313
2314
2317
2318
2761
2762
2765
2766
2777
2778
2781
2782
2825
2826
2829
2830
2841
2842
2845
2846
3017
3018
3021
3022
3033
3034
3037
3038
3081
3082
3085
3086
3097
3098
3101
3102
1979
1980
1983
1984
1995
1996
1999
2000
2043
2044
2047
2048
2059
2060
2063
2064
2235
2236
2239
2240
2251
2252
2255
2256
2299
2300
2303
2304
2315
2316
2319
2320
2763
2764
2767
2768
2779
2780
2783
2784
2827
2828
2831
2832
2843
2844
2847
2848
3019
3020
3023
3024
3035
3036
3039
3040
3083
3084
3087
3088
3099
3100
3103
3104
2001
2002
2005
2006
2017
2018
2021
2022
2065
2066
2069
2070
2081
2082
2085
2086
2257
2258
2261
2262
2273
2274
2277
2278
2321
2322
2325
2326
2337
2338
2341
2342
2785
2786
2789
2790
2801
2802
2805
2806
2849
2850
2853
2854
2865
2866
2869
2870
3041
3042
3045
3046
3057
3058
3061
3062
3105
3106
3109
3110
3121
3122
3125
3126
2003
2004
2007
2008
2019
2020
2023
2024
2067
2068
2071
2072
2083
2084
2087
2088
2259
2260
2263
2264
2275
2276
2279
2280
2323
2324
2327
2328
2339
2340
2343
2344
2787
2788
2791
2792
2803
2804
2807
2808
2851
2852
2855
2856
2867
2868
2871
2872
3043
3044
3047
3048
3059
3060
3063
3064
3107
3108
3111
3112
3123
3124
3127
3128
2009
2010
2013
2014
2025
2026
2029
2030
2073
2074
2077
2078
2089
2090
2093
2094
2265
2266
2269
2270
2281
2282
2285
2286
2329
2330
2333
2334
2345
2346
2349
2350
2793
2794
2797
2798
2809
2810
2813
2814
2857
2858
2861
2862
2873
2874
2877
2878
3049
3050
3053
3054
3065
3066
3069
3070
3113
3114
3117
3118
3129
3130
3133
3134
-2011
-2012
-2015
-2016
-2027
-2028
-2031
-2032
-2075
-2076
-2079
-2080
-2091
-2092
-2095
-2096
-2267
-2268
-2271
-2272
-2283
-2284
-2287
-2288
-2331
-2332
-2335
-2336
-2347
-2348
-2351
-2352
-2795
-2796
-2799
-2800
-2811
-2812
-2815
-2816
-2859
-2860
-2863
-2864
-2875
-2876
-2879
-2880
-3051
-3052
-3055
-3056
-3067
-3068
-3071
-3072
-3115
-3116
-3119
-3120
-3131
-3132
-3135
-3136
