0.707106781186547
0.707106781186547
1
0.707106781186547
0.707106781186547
0.707106781186547
1
-0.707106781186547
0
-0.707106781186547
0
0.447213595499958
-0.894427190999916
0.707106781186547
0.707106781186547
0.707106781186547
0.707106781186547
1
0.707106781186547
0.707106781186547
0.707106781186547
0.707106781186547
0.894427190999916
0.894427190999916
1
0.447213595499958
-0.707106781186547
-0.707106781186547
0
0
-0.894427190999916
0.707106781186547
-0.707106781186547
-0.707106781186547
0
-0.707106781186547
-0.707106781186547
-0.447213595499958
0
-0.707106781186547
-0.707106781186547
-0.447213595499958
-0.707106781186547
-0.707106781186547
0
0
-1
-1
-0.707106781186547
-1
-1
-0.707106781186547
0.707106781186547
-0.707106781186547
0
0.707106781186547
0.707106781186547
-0.707106781186547
0
0.707106781186547
1
0.707106781186547
1
-0.894427190999916
0.447213595499958
0.707106781186547
0.707106781186547
-0.707106781186547
-0.707106781186547
0
0.707106781186547
0.707106781186547
-0.707106781186547
-0.707106781186547
0.447213595499958
-0.447213595499958
0
0.894427190999916
-0.707106781186547
-0.707106781186547
-1
-1
-0.447213595499958
-0.707106781186547
0.707106781186547
0.707106781186547
1
0.707106781186547
0.707106781186547
0.894427190999916
1
-0.707106781186547
-0.707106781186547
-0.894427190999916
-0.707106781186547
-0.707106781186547
-1
-1
0
0
0.707106781186547
0
0
-0.707106781186547
